%YAML:1.0
# data
# the tum dataset directory, change it to yours! 
dataset_dir: /home/john/Datasets/data_odometry_gray/dataset/sequences/07
inertial_dir: /home/john/Datasets/2011_09_30_drive_0027_extract/2011_09_30/2011_09_30_drive_0027_extract/oxts


# IMU
#Accelerometers
imu.accelerometer_noise_density: 0.01
imu.accelerometer_random_walk: 0.000167
#Gyroscopes
imu.gyroscope_noise_density: 0.000175
imu.gyroscope_random_walk: 2.91e-006
#Frequency
imu.frequency: 100

#extrinsics
#imu.Tci: 7.812974061203591e-03 -9.998594093786392e-01 1.483430024423826e-02 -3.323895590633578e-01 -4.279199663676776e-03 -1.486804454193362e-02 -9.998803895842286e-01 7.267046018167079e-01 9.999603154769388e-01 7.748560677920580e-03 -4.394761463307720e-03 -1.138237196069211e+00

threshold_fast_detector: 10
num_features_init: 100
num_features_tracking_good: 50
num_features_tracking_bad: 20
num_features_needed_for_keyframe: 80
